10010000
00000000
00000000
00000000
10010000
00001000
00001000
00000000
10010000
00010000
00010000
00000000
10010000
00011000
00011000
00000000
10010000
00100000
00100000
00000000
10010000
00101000
00101000
00000000
10010000
00110000
00110000
00000000
10010000
00111000
00111000
00000000
10010000
01000000
01000000
00000000
10010000
01001000
01001000
00000000
10010000
01010000
01010000
00000000
10010000
01011000
01011000
00000000
10010000
01100000
01100000
00000000
10010110
11110001
01101000
00000000
10011101
11100100
00000000
00000000
01000111
01110000
00000000
01010001
01001000
10000000
00000000
01100001
01001001
10010000
00000000
00100001
01001010
10100000
00000001
01000001
00000010
01110000
00000000
00000000
00000011
10000000
00000000
00000000
01010110
00000000
00000000
00000000
01110001
01010000
00000000
00000000
00000001
01000000
00000000
00000000
01110001
00000000
00000000
00000000
00000001
00100000
00000000
00000000
01000001
00100010
00000000
00000000
01000001
00100000
00000000
00000001
00010001
00100010
00000000
00000000
00010001
00100000
00000000
10100001
01000001
00100010
00000000
00000000
01000001
00100000
00000000
10100001
01010110
00000000
00000000
00000000
00100110
00000000
00000000
00000000
01100110
00000000
00000000
00000000
10000000
00000000
00000000
00000000
10000010
00000000
00000000
00000000
10000000
00000000
00000000
00000000
10000110
00000000
00000000
00000000
10001000
00000000
00000000
00000000
10001010
00000000
00000000
00000000
10001100
00000000
00000000
00000000
10001110
00000000
00000000
00000000
10000000
00000000
00000000
00000000
10000010
00000000
00000000
00000000
10000100
00000000
00000000
00000000
10000110
00000000
00000000
00000000
10001000
00000000
00000000
00000000
10001010
00000000
00000000
00000000
10001100
00000000
00000000
00000000
10001110
00000000
00000000
00000000
10000000
00000000
00000000
00000000
10000010
00000000
00000000
00000000
10000100
00000000
00000000
00000000
10000110
00000000
00000000
00000000
10001000
00000000
00000000
00000000
10001010
00000000
00000000
00000000
10001100
00000000
00000000
00000000
10001110
00000000
00000000
00000000
10000000
00000000
00000000
00000000
10000010
00000000
00000000
00000000
10000100
00000000
00000000
00000000
10000110
00000000
00000000
00000000
10001000
00000000
00000000
00000000
10001010
00000000
00000000
00000000
10001100
00000000
00000000
00000000
10001110
00000000
00000000
00000000
00110001
00100010
00000000
00000000
