01010000
11000000
00000000
00000000
10000001
01010000
00000000
00000000
00000001
01000000
00000000
00000000
10000001
00000000
00000000
00000000
00000001
00100000
00000000
00000000
01000001
00100010
00000000
00000000
01000001
00100000
00000000
00000001
00010001
00100010
00000000
00000000
00010001
00100000
00000000
10100001
01000001
00100010
00000000
00000000
01000001
00100000
00000000
10100001
01010000
11000000
00000000
00000000
00100000
11000000
00000000
00000000
01100000
11000000
00000000
00000000
10010000
00000000
00000000
00000000
10010010
00000000
00000000
00000000
10010000
00000000
00000000
00000000
10010110
00000000
00000000
00000000
10011000
00000000
00000000
00000000
10011010
00000000
00000000
00000000
10011100
00000000
00000000
00000000
10011110
00000000
00000000
00000000
10010000
00000000
00000000
00000000
10010010
00000000
00000000
00000000
10010100
00000000
00000000
00000000
10010110
00000000
00000000
00000000
10011000
00000000
00000000
00000000
10011010
00000000
00000000
00000000
10011100
00000000
00000000
00000000
10011110
00000000
00000000
00000000
10010000
00000000
00000000
00000000
10010010
00000000
00000000
00000000
10010100
00000000
00000000
00000000
10010110
00000000
00000000
00000000
10011000
00000000
00000000
00000000
10011010
00000000
00000000
00000000
10011100
00000000
00000000
00000000
10011110
00000000
00000000
00000000
10010000
00000000
00000000
00000000
10010010
00000000
00000000
00000000
10010100
00000000
00000000
00000000
10010110
00000000
00000000
00000000
10011000
00000000
00000000
00000000
10011010
00000000
00000000
00000000
10011100
00000000
00000000
00000000
10011110
00000000
00000000
00000000
00110001
00100010
00000000
00000000
